1900	3.01	3.30	2.59	1.76	1.82	2.45	3.89	3.02	0.97	2.86	3.71	0.92	30.30
1901	1.50	0.88	1.82	2.21	4.24	6.31	1.23	1.71	2.10	0.33	0.59	3.61	26.53
1902	1.56	0.51	2.63	1.60	0.95	8.52	4.70	1.62	4.16	1.85	2.72	3.41	34.23
1903	2.11	4.44	4.13	2.47	2.18	3.07	2.05	0.67	1.46	1.84	2.01	1.71	28.14
1904	2.80	2.12	4.93	2.49	4.01	3.86	2.48	3.18	0.83	0.97	0.18	3.63	31.48
1905	1.25	1.57	1.87	3.15	4.38	2.78	2.27	5.54	3.36	5.45	1.64	1.87	35.13
1906	1.98	1.08	4.59	1.16	2.47	1.44	5.27	6.15	1.59	2.07	2.57	3.33	33.70
1907	5.73	0.43	5.21	3.27	3.35	3.39	6.07	2.74	2.27	1.59	1.68	1.85	37.58
1908	1.40	3.66	6.03	2.75	4.04	2.13	3.74	2.34	0.42	1.20	0.84	1.59	30.14
1909	2.52	4.97	2.68	3.20	4.65	3.88	3.34	2.53	1.81	2.77	1.66	2.58	36.59
1910	5.11	5.05	0.28	2.52	4.10	2.93	2.40	0.42	3.66	5.22	0.79	2.31	34.79
1911	4.46	1.71	2.36	4.37	1.15	4.04	3.29	3.62	5.98	5.21	2.71	4.53	43.43
1912	1.58	1.53	4.56	4.20	2.65	1.48	3.50	2.25	2.83	1.71	1.01	2.34	29.64
1913	6.63	2.09	8.09	3.91	2.60	1.56	2.88	2.10	3.28	2.05	4.56	1.13	40.88
1914	2.21	3.70	2.46	2.48	1.28	2.03	1.64	4.78	1.26	4.44	1.99	2.91	31.18
1915	3.30	1.52	1.19	0.95	2.57	5.06	6.85	7.01	4.43	0.94	1.97	4.15	39.94
1916	5.02	1.47	4.88	2.33	4.81	3.49	0.66	3.22	1.54	1.84	1.58	3.59	34.43
1917	3.74	1.09	3.59	3.15	2.80	6.29	4.09	3.10	0.55	3.05	0.18	1.31	32.94
1918	3.51	2.55	1.85	2.80	4.30	1.25	2.50	4.42	3.19	2.09	1.24	3.23	32.93
1919	1.28	1.27	4.58	2.26	5.19	1.76	4.93	3.71	1.15	5.33	4.23	2.26	37.95
1920	2.64	1.12	3.32	4.51	2.00	3.79	5.18	4.09	2.29	1.61	3.45	1.60	35.60
1921	2.19	1.90	7.66	4.11	2.67	2.06	2.20	4.55	2.05	1.86	5.50	3.74	40.49
1922	1.80	1.58	4.54	3.05	5.26	3.14	2.29	1.94	2.68	1.56	1.57	2.69	32.10
1923	3.46	2.51	3.04	2.12	2.42	5.10	4.09	4.97	3.39	1.66	2.30	6.12	41.18
1924	3.95	1.73	4.28	3.12	3.43	5.37	2.98	0.33	3.77	0.10	1.86	2.35	33.27
1925	1.48	1.77	2.25	1.68	2.33	1.67	3.27	2.37	2.21	3.71	3.40	0.73	26.87
1926	2.52	2.93	2.16	2.56	1.42	0.96	4.47	6.13	5.77	4.50	2.22	3.05	38.69
1927	3.93	1.62	3.97	3.80	6.48	3.63	3.86	1.91	2.06	1.18	6.19	3.55	42.18
1928	1.44	2.28	2.79	2.92	1.51	6.94	6.27	1.05	0.80	2.85	2.32	2.07	33.24
1929	3.54	3.36	1.76	3.71	4.55	4.76	2.91	3.78	2.28	4.09	3.72	3.81	42.27
1930	4.86	3.45	2.13	1.28	1.04	1.25	1.28	2.45	1.05	0.70	1.31	0.80	21.60
1931	0.88	1.54	1.34	4.38	2.96	2.30	4.66	4.80	3.34	2.41	3.64	3.29	35.54
1932	4.38	0.88	2.20	1.75	0.79	4.38	4.31	0.71	1.52	3.99	2.07	3.05	30.03
1933	1.36	1.37	5.44	3.15	6.95	1.71	0.85	2.07	4.45	1.20	1.02	2.45	32.02
1934	1.16	1.18	2.20	1.24	0.60	2.74	2.94	4.13	3.36	0.26	0.92	1.30	22.03
1935	1.50	1.39	2.81	1.88	4.71	2.40	4.83	6.61	2.80	1.26	2.84	2.32	35.35
1936	1.26	2.87	3.10	3.17	2.34	2.23	1.80	4.94	3.29	3.41	2.95	1.79	33.15
1937	10.71	0.87	1.56	3.16	3.28	6.71	3.91	2.89	2.45	2.41	1.02	3.00	41.97
1938	1.11	2.73	4.32	3.07	4.82	1.98	5.22	3.32	5.40	0.70	1.94	1.04	35.65
1939	3.17	3.92	2.41	4.62	0.38	6.06	2.55	0.49	1.39	3.17	1.06	1.20	30.42
1940	1.44	2.98	2.65	6.31	4.65	3.79	0.49	2.27	1.55	1.38	3.64	2.72	33.87
1941	2.05	0.64	0.61	2.32	2.47	6.20	2.65	2.96	1.82	4.66	1.31	1.78	29.47
1942	1.24	2.11	2.59	2.24	3.41	2.95	2.57	2.97	2.83	1.06	3.08	3.28	30.33
1943	2.03	1.48	4.57	2.69	4.33	4.19	7.05	1.78	0.95	0.95	1.15	0.91	32.08
1944	0.50	2.05	5.41	3.79	4.51	2.30	1.99	3.68	1.35	0.25	1.54	3.53	30.90
1945	0.93	3.14	8.08	5.52	3.86	3.24	4.84	1.87	2.71	2.11	3.01	1.66	40.97
1946	0.78	3.21	3.31	1.72	4.31	7.25	3.95	3.58	1.02	2.20	2.76	1.98	36.07
1947	4.73	0.51	1.07	5.30	4.94	4.14	6.34	3.64	3.67	1.59	1.76	1.44	39.13
1948	2.07	3.07	5.03	5.32	4.47	4.81	5.69	2.44	2.59	2.28	5.06	2.86	45.69
1949	7.23	2.65	3.83	2.73	2.25	7.75	5.01	3.78	3.31	1.52	1.55	2.86	44.47
1950	8.29	3.23	2.65	5.02	2.90	2.28	4.74	3.16	2.09	2.06	5.40	3.14	44.96
1951	4.50	2.82	4.86	3.00	3.18	4.43	0.99	0.58	3.00	1.36	4.42	5.07	38.21
1952	5.99	2.31	3.95	4.07	4.33	2.75	3.01	1.87	2.49	0.81	1.09	3.30	35.97
1953	4.83	1.41	1.49	2.32	3.05	1.79	4.89	2.62	2.12	0.59	1.43	1.88	28.42
1954	2.92	1.78	2.82	3.77	2.56	3.27	3.26	5.18	0.74	5.24	1.08	1.69	34.31
1955	1.44	3.73	3.63	2.09	3.56	2.63	4.77	2.38	2.69	1.95	3.38	0.46	32.71
1956	2.13	4.33	3.49	4.06	4.85	3.22	4.92	2.23	1.37	1.15	0.97	3.21	35.93
1957	1.94	1.87	1.61	5.70	5.41	5.20	2.98	0.89	2.99	1.27	3.23	4.68	37.77
1958	1.87	0.82	1.50	4.09	3.54	9.75	9.46	2.81	3.01	1.27	1.56	0.69	40.37
1959	7.44	3.08	1.45	3.60	4.15	1.55	3.23	1.55	1.55	3.33	3.71	2.27	36.91
1960	2.31	2.57	1.11	1.60	5.82	2.47	4.54	2.48	0.83	2.55	1.60	1.62	29.50
1961	0.65	2.90	4.83	4.58	2.90	3.49	4.61	2.73	1.05	1.18	3.49	2.42	34.83
1962	3.17	3.46	2.43	1.33	2.31	2.26	3.59	2.31	3.62	2.06	2.94	1.76	31.24
1963	1.39	1.01	7.14	3.27	1.61	1.25	2.90	3.67	0.51	0.11	0.80	0.85	24.51
1964	1.82	1.68	9.59	6.36	1.95	5.71	2.97	3.19	1.66	0.38	1.81	4.09	41.21
1965	2.70	3.76	2.90	5.90	4.00	2.42	3.76	4.62	6.18	3.98	1.19	1.24	42.65
1966	2.87	2.59	1.04	4.89	3.13	1.28	5.91	4.90	3.56	0.79	4.05	3.33	38.34
1967	0.78	2.46	4.40	3.29	4.59	2.92	4.22	1.51	2.63	1.39	3.22	2.55	33.96
1968	2.22	0.38	3.01	2.20	9.11	2.96	2.80	3.08	1.77	2.59	4.26	3.40	37.78
1969	3.40	1.17	1.32	3.10	3.04	8.19	7.65	3.25	1.40	1.52	3.87	2.30	40.21
1970	1.60	1.68	3.04	5.52	5.37	5.65	3.73	3.94	3.95	2.07	2.88	2.50	41.93
1971	1.57	3.16	2.70	0.67	3.66	4.16	4.22	2.81	3.08	1.32	1.73	4.61	33.69
1972	1.40	1.74	2.86	3.74	6.56	3.98	2.60	7.96	5.13	1.74	4.40	3.49	45.60
1973	2.46	1.29	3.43	3.72	3.36	8.77	4.07	4.97	2.82	3.29	5.37	2.70	46.25
1974	2.40	2.30	4.38	2.66	3.29	5.04	1.14	4.88	3.32	1.51	3.39	2.68	36.99
1975	3.21	3.47	4.10	2.71	3.17	3.53	2.04	4.51	5.46	2.29	1.54	3.01	39.04
1976	3.15	2.03	2.17	1.44	1.41	4.52	5.12	5.08	2.54	2.86	0.60	0.93	31.85
1977	1.57	1.02	3.88	4.04	0.95	4.02	2.52	4.76	3.48	2.57	3.77	3.54	36.12
1978	5.89	0.29	2.98	3.02	4.15	3.65	1.81	5.23	1.16	2.39	1.56	5.01	37.14
1979	3.32	2.88	1.01	4.01	3.27	4.23	8.06	8.63	6.76	1.26	3.91	1.83	49.17
1980	1.69	1.38	3.77	1.59	4.56	5.17	4.58	6.26	1.86	2.53	2.07	1.96	37.42
1981	0.70	4.60	1.11	5.38	6.50	5.73	4.14	1.41	2.28	1.40	1.65	2.88	37.78
1982	4.77	1.49	3.99	1.90	4.68	3.37	3.90	1.02	4.25	0.92	5.19	3.84	39.32
1983	1.20	0.74	1.69	5.58	5.06	4.59	2.80	2.23	1.91	4.45	5.00	3.16	38.41
1984	1.07	1.97	3.89	3.10	4.93	0.71	3.15	2.96	1.48	2.91	4.41	2.84	33.42
1985	1.31	1.67	3.78	0.73	4.96	1.41	6.88	2.34	1.18	1.93	10.67	1.81	38.67
1986	1.54	2.96	2.61	1.31	2.47	5.53	3.60	1.61	3.44	4.16	3.00	2.81	35.04
1987	1.14	0.59	2.04	2.02	2.85	3.60	3.89	2.96	1.53	1.57	1.63	2.88	26.70
1988	2.14	4.26	2.54	2.24	2.27	1.34	7.80	2.68	3.52	1.70	3.59	2.49	36.57
1989	1.97	3.10	4.16	3.30	4.69	6.36	6.79	4.30	2.16	2.49	2.65	1.79	43.76
1990	2.43	5.15	1.32	2.82	7.01	5.25	8.00	1.86	5.26	5.05	2.03	6.98	53.16
1991	1.97	2.30	3.97	4.15	2.47	2.81	2.14	2.02	4.05	1.76	1.31	3.79	32.74
1992	1.79	0.85	3.40	2.83	3.40	2.33	12.36	3.75	2.14	1.40	4.03	1.32	39.60
1993	4.14	1.82	3.50	4.49	2.47	3.33	5.95	0.74	1.75	3.05	4.45	2.16	37.85
1994	3.79	1.56	1.94	3.64	1.69	1.93	6.02	3.29	1.68	0.92	2.94	2.22	31.62
1995	4.54	1.64	1.61	3.17	4.86	5.30	6.99	7.56	1.15	4.04	2.47	1.97	45.30
1996	3.73	2.14	3.40	6.39	5.81	3.82	5.09	1.58	5.50	1.44	3.20	3.46	45.56
1997	2.19	1.50	3.96	1.65	5.58	6.62	2.91	5.76	1.36	1.58	2.92	2.13	38.16
1998	2.32	2.48	1.88	6.51	3.09	6.99	2.75	1.99	1.27	3.05	1.99	3.25	37.57
1999	2.87	2.77	1.88	4.65	1.80	0.65	3.02	2.40	1.91	1.00	1.95	2.69	27.59
2000	3.53	2.79	2.70	4.15	5.42	3.50	4.10	4.10	4.18	2.70	2.13	3.59	42.89
2001	1.31	1.37	1.03	3.39	7.03	2.30	4.66	4.14	1.60	3.32	3.69	3.01	36.85
2002	1.92	1.72	3.45	4.02	6.60	3.46	4.13	2.12	4.35	2.68	3.00	2.76	40.21
2003	1.69	2.96	2.22	2.54	5.92	4.99	2.94	11.46	6.86	1.78	2.89	2.78	49.03
2004	5.08	2.02	3.27	3.96	5.93	5.34	6.46	3.42	2.98	3.33	4.12	3.36	49.27
2005	8.95	1.27	3.53	4.36	3.36	2.69	1.79	5.09	2.91	1.33	3.31	1.67	40.26
2006	2.67	1.35	3.48	2.52	3.25	4.30	5.77	2.94	5.35	6.70	2.12	3.18	43.63
2007	4.25	2.06	6.68	2.31	1.40	2.78	3.02	4.73	2.53	3.58	2.18	4.34	39.86
2008	1.64	3.88	7.58	2.16	3.14	10.39	1.65	3.73	2.50	1.44	2.49	4.84	45.44
2009	2.73	1.93	1.15	4.23	2.42	3.44	4.90	3.27	2.50	4.89	0.42	3.60	35.48
2010	2.27	2.42	2.75	2.51	3.89	5.38	6.01	2.23	1.66	1.54	4.34	1.26	36.26
2011	1.47	4.25	4.58	7.14	5.90	3.03	5.67	2.48	6.55	3.68	4.77	5.44	54.96
2012	3.82	1.89	4.92	3.60	2.30	2.01	2.54	1.80	3.97	4.06	0.66	5.70	37.27
2013	2.25	1.82	3.12	3.66	1.62	4.46	6.87	2.84	2.52	5.91	2.18	4.30	41.55
2014	2.40	2.39	2.59	5.47	4.00	5.29	3.47	4.90	0.65	2.77	1.46	2.70	38.09
2015	2.87	1.70	3.92	4.09	3.56	6.72	5.41	3.59	3.21	2.68	2.37	4.88	45.00
2016	1.12	3.29	4.27	2.31	2.74	5.22	2.49	5.82	4.68	1.73	1.02	3.09	37.78
2017	2.83	2.63	5.39	2.59	5.24	4.66	8.55	2.14	2.58	3.57	4.67	1.76	46.61
2018	2.39	5.25	2.96	5.23	4.55	6.71	5.46	4.19	6.57	2.60	5.70	3.57	55.18
2019	3.09	5.49	5.33	3.55	3.80	7.04	3.22	3.28	0.85	4.05	1.48	2.76	43.94
2020	4.37	2.56	8.16	4.22	6.29	2.40	3.62	4.75	4.30	4.19	3.35	2.24	50.45
2021	2.25	2.23	2.85	3.28	3.46	2.58	4.64	7.16	1.98	3.57	1.90	4.51	40.41
